2(30) 4(50) 5(70) 7(100) 10(20) 11(15) 12(10) 14(15) 15(200)
1(30) 3(20) 4(50) 5(30) 8(80) 10(20) 13(45)
2(30) 4(60) 8(100) 9(40) 10(30) 15(65)
1(50) 2(50) 3(60) 7(90)
1(70) 2(30) 6(15)
5(15) 8(50) 9(30) 11(25) 12(80) 13(100) 15(15)
1(100) 4(90) 8(45) 9(90) 10(10) 12(30) 14(60) 15(10)
2(80) 3(100) 6(50) 7(45) 11(40) 13(50) 14(70)
3(40) 6(30) 7(90)
1(20) 2(20) 3(30) 7(10) 11(100) 13(60) 14(20) 15(10)
1(15) 6(25) 8(40) 10(100)
1(10) 6(80) 7(30) 13(20) 15(45)
2(45) 6(100) 8(50) 10(60) 12(20) 14(120)
1(15) 7(60) 8(70) 10(20) 13(120)
1(200) 3(65) 6(15) 7(10) 10(10) 12(45)